{
  "620": [{"cam_R_m2c": [0.9481692754069381, 0.02772776247710488, 0.3165549029806755, 0.11567654012703661, 0.8977167104578057, -0.42511548278712363, -0.295965078299497, 0.439699193758738, 0.847979499642519], "cam_t_m2c": [53.29526835731406, -82.74726155574957, 1033.8833874861082], "obj_id": 2}, {"cam_R_m2c": [-0.6875846858919262, -0.725379833170772, -0.03241636011680638, -0.27493281387941026, 0.3014083617584888, -0.9129978082295316, 0.6720417079487363, -0.61885133308584, -0.40667432567226863], "cam_t_m2c": [108.03903681557318, -17.149997576190135, 953.9790164746236], "obj_id": 4}, {"cam_R_m2c": [-0.498100657582782, -0.8665146859132874, -0.0323641602893948, -0.3658601958685321, 0.24385419522096488, -0.8981543448313091, 0.7861563691543989, -0.43553062452667646, -0.438487353909642], "cam_t_m2c": [91.52630484619438, -5.030954678532485, 844.7442920300875], "obj_id": 5}, {"cam_R_m2c": [0.35138999774391055, -0.9331145343988598, -0.07629732508446829, -0.4705004431160645, -0.10554727602947454, -0.876064274019037, 0.8094164638985437, 0.3437386348067268, -0.476118987351776], "cam_t_m2c": [-9.80399297814338, 84.98042645789087, 841.0378101702498], "obj_id": 10}, {"cam_R_m2c": [-0.6379591807195603, 0.7676575373606865, 0.060915341516548836, -0.26904700869706283, -0.29631009609131725, 0.916413726302105, 0.7215416073384506, 0.5682450369030342, 0.3955695714066277], "cam_t_m2c": [-103.96887340401555, 40.888976867664894, 919.5807433800265], "obj_id": 15}],
  "623": [{"cam_R_m2c": [0.9484791652525482, 0.024660518790920946, 0.3158805648640628, 0.11860104637843806, 0.8968526829700617, -0.42613296954600927, -0.29380737695087256, 0.4416416550326362, 0.8477201932055513], "cam_t_m2c": [53.47927686556866, -85.86793688541815, 1032.290464431789], "obj_id": 2}, {"cam_R_m2c": [-0.6882653889557075, -0.724863900470148, -0.029378398981535655, -0.2780170193251853, 0.3009512122929077, -0.9122147112504703, 0.6700731081790117, -0.6196781254226561, -0.4086585373037215], "cam_t_m2c": [108.22410599968923, -19.969671990237778, 952.634888497508], "obj_id": 4}, {"cam_R_m2c": [-0.4987908265464417, -0.8662270568096195, -0.02929826945869031, -0.36872469469617153, 0.24266831633283967, -0.8973041220820287, 0.784378303037749, -0.43676405242015176, -0.4404400956946086], "cam_t_m2c": [91.90179285488573, -7.6604654501043665, 843.392820582821], "obj_id": 5}, {"cam_R_m2c": [0.35090342394773916, -0.933545249283602, -0.07320920668509051, -0.471351870046203, -0.1085360145233507, -0.8752414401174962, 0.8091321390979455, 0.34163240681391976, -0.4781137363084196], "cam_t_m2c": [-9.639389445010107, 82.11238135389266, 839.671255932815], "obj_id": 10}, {"cam_R_m2c": [-0.6387540287489393, 0.7672308429695592, 0.05789128779019082, -0.2721151666675808, -0.2956436767294107, 0.9157231881781974, 0.71968529809456, 0.5691680773192767, 0.3976185182159504], "cam_t_m2c": [-103.85468691842397, 37.62702765236807, 917.9311023231296], "obj_id": 15}],
  "629": [{"cam_R_m2c": [0.9498848703647842, 0.024149141451888574, 0.31166692357995923, 0.11842733903186271, 0.8948949711921589, -0.4302763169993086, -0.28930089290646577, 0.4456223726976292, 0.8471860939790079], "cam_t_m2c": [55.299506025266666, -91.31929794575099, 1028.3339667629662], "obj_id": 2}, {"cam_R_m2c": [-0.691497887714856, -0.7217945103627884, -0.029028958835704978, -0.27986531511528606, 0.3047318105349358, -0.9103923383333875, 0.6659628235680418, -0.621409878246136, -0.4127262574242689], "cam_t_m2c": [110.47827475066846, -25.160467347040676, 949.1955018128224], "obj_id": 4}, {"cam_R_m2c": [-0.5026429990708048, -0.8640140650254801, -0.028792582554153342, -0.371354845291308, 0.24587339272051112, -0.8953445454437338, 0.7806694169262356, -0.4393459834263583, -0.44444228757096027], "cam_t_m2c": [94.63464037562825, -12.353975161669407, 839.9401931523407], "obj_id": 5}, {"cam_R_m2c": [0.34678391492170146, -0.9351373580973537, -0.07251125322026566, -0.47538109913697985, -0.10859203229930865, -0.8730523003873014, 0.8085500942615431, 0.3372314080644064, -0.4822042328738545], "cam_t_m2c": [-6.754833287954931, 77.58853423666237, 836.1807568058726], "obj_id": 10}, {"cam_R_m2c": [-0.6421870741869682, 0.7643816853814611, 0.057593316163590105, -0.2742534953132453, -0.29927030272309746, 0.9139051442653089, 0.7158077846633942, 0.5711018707161505, 0.4018215058939289], "cam_t_m2c": [-101.36558731034322, 32.90848998882809, 913.8503589619876], "obj_id": 15}],
  "633": [{"cam_R_m2c": [0.9492621003698556, 0.021504907550620452, 0.3137520650670067, 0.12256394019609115, 0.8934780860382033, -0.43205801087656037, -0.28962270826170766, 0.4485905726740936, 0.8455079309147001], "cam_t_m2c": [60.24873326750378, -95.02587591918632, 1025.9684700160865], "obj_id": 2}, {"cam_R_m2c": [-0.690048385731672, -0.7232849310969219, -0.02630770378859696, -0.2843942379208717, 0.30439167002846457, -0.9091013653822914, 0.6655475672533934, -0.6198419125761707, -0.41574272208574103], "cam_t_m2c": [115.14560196533499, -28.419390385134854, 947.0096842645153], "obj_id": 4}, {"cam_R_m2c": [-0.5008010865280849, -0.8651673845786279, -0.026145915858493317, -0.3756348251236774, 0.2444512986035535, -0.8939471017821067, 0.7798049190649785, -0.43786802838088507, -0.44740848094108177], "cam_t_m2c": [99.17537148680054, -15.301314627787672, 837.8097926765103], "obj_id": 5}, {"cam_R_m2c": [0.3489897021064494, -0.9345106657344033, -0.06996775309058609, -0.4769160439364184, -0.1128394630017565, -0.8716750905438913, 0.8066949164887219, 0.3375746270840736, -0.48506264572897007], "cam_t_m2c": [-2.5165894753234994, 74.31409335120378, 834.4275592493774], "obj_id": 10}, {"cam_R_m2c": [-0.6407182756593566, 0.7658149898324923, 0.0548518010605256, -0.2787841551096031, -0.2986200879032944, 0.9127459247382541, 0.715373647741379, 0.5695202052647652, 0.40482814427915664], "cam_t_m2c": [-96.91803358457314, 29.059356448085346, 912.0190855998286], "obj_id": 15}],
  "640": [{"cam_R_m2c": [0.94905835892881, 0.027881462658484617, 0.3138663589948227, 0.11728816079643162, 0.8932456709316213, -0.4340002951188013, -0.29246085393430316, 0.44870441571159353, 0.8444707979731684], "cam_t_m2c": [69.33128546538481, -93.77631582858912, 1025.1819486852385], "obj_id": 2}, {"cam_R_m2c": [-0.6896260710264371, -0.7234280935836479, -0.03267293720936631, -0.28065557879862607, 0.3085891661597182, -0.9088488879298279, 0.6675695103847623, -0.6175958325406845, -0.4158453563558446], "cam_t_m2c": [124.36341079612112, -27.46224032257544, 946.0712898237215], "obj_id": 4}, {"cam_R_m2c": [-0.5005510650674392, -0.8650958395191037, -0.03252144815586123, -0.37298379334465304, 0.24940767068309638, -0.8936888438843916, 0.7812370182515922, -0.4352066814942688, -0.4475084208901303], "cam_t_m2c": [108.1379098048262, -14.230710395343191, 836.9226514263655], "obj_id": 5}, {"cam_R_m2c": [0.34873397716460897, -0.9341079167460794, -0.07633072517283108, -0.4790472934951542, -0.1076572474593839, -0.8711625539853862, 0.8055425578380466, 0.34037004580940416, -0.4850257280290206], "cam_t_m2c": [6.941727960853411, 75.95584511251548, 833.8653444322613], "obj_id": 10}, {"cam_R_m2c": [-0.6401151417622618, 0.7658379615734555, 0.061204025381551085, -0.2753338252729749, -0.30304580059173397, 0.912335288342897, 0.7172476986197126, 0.5671471672720658, 0.4048454363720054], "cam_t_m2c": [-87.47822996551469, 31.215608477521922, 911.7322504937146], "obj_id": 15}],
  "642": [{"cam_R_m2c": [0.9485591470215364, 0.026690838587226137, 0.3154736292145022, 0.11923414665039231, 0.8929589314237403, -0.4340590314143275, -0.2932907538031628, 0.4493461108614126, 0.8438405695286088], "cam_t_m2c": [70.9855188861568, -94.80523939097368, 1024.951664669154], "obj_id": 2}, {"cam_R_m2c": [-0.6884667410688773, -0.7245862806807817, -0.0314220668419898, -0.2824092479266018, 0.30773306506877074, -0.9085953919186199, 0.668025388928575, -0.6166636723907956, -0.41649415966105025], "cam_t_m2c": [125.8201767149646, -28.33201498390462, 945.8375779868852], "obj_id": 4}, {"cam_R_m2c": [-0.4991140563693886, -0.865969237860985, -0.03132884705180525, -0.3744779985413881, 0.2481575014418678, -0.8934114439114554, 0.7814405931582779, -0.43418208700828037, -0.4481459606503615], "cam_t_m2c": [109.4648688989375, -15.04847790241097, 836.7147246764399], "obj_id": 5}, {"cam_R_m2c": [0.3503854050220853, -0.9335798403427198, -0.07521535996975284, -0.4790133537010065, -0.10961184692238371, -0.8709369194339618, 0.8048448975891305, 0.341192622666543, -0.4856039412768107], "cam_t_m2c": [8.101872325623312, 74.95592682110721, 833.8229170468633], "obj_id": 10}, {"cam_R_m2c": [-0.6389174786777355, 0.7669370678884881, 0.0599360799721206, -0.27703450516509154, -0.3020748043645463, 0.9121419437541771, 0.7176595836118748, 0.5661782069996742, 0.405469264593124], "cam_t_m2c": [-86.16098090056865, 29.98571670995148, 911.7475289745961], "obj_id": 15}],
  "644": [{"cam_R_m2c": [0.9489209340596478, 0.02558258910750422, 0.3144775895053232, 0.11980964608086064, 0.8928370272659176, -0.4341520434843498, -0.2918838427235644, 0.4496532273554479, 0.8441653933423964], "cam_t_m2c": [71.04090264660637, -95.60915183147061, 1024.34979574588], "obj_id": 2}, {"cam_R_m2c": [-0.6892861369467864, -0.7238532131728768, -0.03035323284646816, -0.28296445451429625, 0.3075474435645057, -0.9084858414678051, 0.6669450502404881, -0.6176178942809896, -0.41681283783671375], "cam_t_m2c": [125.95563723422572, -29.083875142916842, 945.3350071716037], "obj_id": 4}, {"cam_R_m2c": [-0.5000500741156868, -0.8654690634620339, -0.030222095732684896, -0.37497028074860395, 0.2478441810172381, -0.893292283006177, 0.7806061353673395, -0.4353586661043419, -0.44845991687738745], "cam_t_m2c": [109.75114863330386, -15.775770478784564, 836.1925734540556], "obj_id": 5}, {"cam_R_m2c": [0.349468789343656, -0.9340157829441506, -0.07406602447570053, -0.479076672987592, -0.11019412510525059, -0.8708289680204203, 0.805206665626296, 0.3398102306422228, -0.4859745378620894], "cam_t_m2c": [8.346118172356066, 74.17749057377434, 833.1813681704141], "obj_id": 10}, {"cam_R_m2c": [-0.6398113705217654, 0.7662739957517625, 0.05888133114145389, -0.27757926964396723, -0.3018521942029173, 0.9120503600853926, 0.7166524453195074, 0.5671953645959718, 0.40583022483514036], "cam_t_m2c": [-86.00612432785526, 29.135351981019024, 910.9561731072247], "obj_id": 15}],
  "651": [{"cam_R_m2c": [0.9493011689737214, 0.022184954586671083, 0.31358608038271635, 0.12300713197059407, 0.8917644894722294, -0.4354605672482552, -0.28930611241813475, 0.45195608729645614, 0.8438231807892187], "cam_t_m2c": [76.09149994345806, -99.8916127380846, 1021.2090747276688], "obj_id": 2}, {"cam_R_m2c": [-0.6901405902233729, -0.7231715153007304, -0.02699339805015305, -0.28643230579559054, 0.30722342113102574, -0.9075083477389628, 0.6645774958204244, -0.618576631544874, -0.41916665806508907], "cam_t_m2c": [131.0218019286653, -33.02511582543072, 942.4936044358182], "obj_id": 4}, {"cam_R_m2c": [-0.5009382514516819, -0.8650670065754399, -0.02682610070780352, -0.3782328793731128, 0.2466936922926899, -0.8922347901709674, 0.778460332723261, -0.4368080260234412, -0.4507750505503472], "cam_t_m2c": [115.04379958254798, -19.484092543307888, 833.3464049255888], "obj_id": 5}, {"cam_R_m2c": [0.34878706243259233, -0.9345357310064575, -0.07063846169594722, -0.4801959160980845, -0.11347377347228407, -0.8697908602865645, 0.8048356475853577, 0.3372921240732739, -0.4883381023323618], "cam_t_m2c": [13.412664026140083, 70.21301244287542, 830.3182097450666], "obj_id": 10}, {"cam_R_m2c": [-0.6407990167191335, 0.7656977871434412, 0.05553830375214079, -0.2810440290815654, -0.3012910435249872, 0.9111745582150542, 0.7144167470177898, 0.5682704065560097, 0.4082614600103606], "cam_t_m2c": [-81.00780163292453, 24.730291966392347, 907.7531555226748], "obj_id": 15}],
  "653": [{"cam_R_m2c": [0.9493222140698018, 0.022818714524202907, 0.3134751982430712, 0.12226923976132698, 0.8919891476070084, -0.4352071781638017, -0.2895478481046848, 0.4514802122631325, 0.8439944225158525], "cam_t_m2c": [78.09734621807138, -99.74720443681599, 1020.6478128688436], "obj_id": 2}, {"cam_R_m2c": [-0.6901924088051518, -0.7230972606902994, -0.027630728920012015, -0.28565548743602703, 0.30734156666170176, -0.9077126917020455, 0.6648570977245307, -0.6186039010289617, -0.4186815847264011], "cam_t_m2c": [133.05409788391373, -32.95622468516806, 941.8868070027751], "obj_id": 4}, {"cam_R_m2c": [-0.5010254904937697, -0.8649959861210629, -0.02745992637432981, -0.37751232217985686, 0.24699542128760563, -0.8924559642613427, 0.7787531384362953, -0.4367769711989665, -0.4502980628181747], "cam_t_m2c": [117.06406270127998, -19.463088747616148, 832.735496046957], "obj_id": 5}, {"cam_R_m2c": [0.34864131380069496, -0.9345419512702784, -0.07126544490331502, -0.47998479561040136, -0.11271960829462188, -0.8700049258555584, 0.805024005385215, 0.3375260375957446, -0.4878647920874146], "cam_t_m2c": [15.487692842949166, 70.2949548488733, 829.6788201619518], "obj_id": 10}, {"cam_R_m2c": [-0.6408382431947875, 0.7656177598180972, 0.0561758353682751, -0.2802712547363628, -0.3014619946848849, 0.9113555476736882, 0.7146842741146063, 0.5682866477682522, 0.40776913644471785], "cam_t_m2c": [-78.94625951098936, 24.911385427405442, 907.1553558380463], "obj_id": 15}],
  "660": [{"cam_R_m2c": [0.9498212539058425, 0.022256848283857614, 0.3120022855031362, 0.1218121208851903, 0.8924008193073036, -0.434490425916411, -0.2881016253749326, 0.45069416659854533, 0.8449096568727819], "cam_t_m2c": [84.52066621548808, -97.43986493514106, 1020.0936173575697], "obj_id": 2}, {"cam_R_m2c": [-0.6913404672530834, -0.7220196391663889, -0.027125849474548845, -0.2849035919249457, 0.3069148372528224, -0.9080931136198784, 0.6639866421762152, -0.6200739862288385, -0.41788897156547533], "cam_t_m2c": [139.6200603391045, -30.732619732224443, 941.361314320287], "obj_id": 4}, {"cam_R_m2c": [-0.5023790871670148, -0.8642288055165016, -0.026900090474134657, -0.3766930355884219, 0.24676494575817265, -0.8928656167041931, 0.7782778913871853, -0.43842457701118787, -0.4495192082465777], "cam_t_m2c": [123.8118980807023, -17.337059765930594, 832.1714290182182], "obj_id": 5}, {"cam_R_m2c": [0.34722334116130593, -0.9351178312659536, -0.07063940641786016, -0.4793110201216761, -0.11222115823176865, -0.8704405165455598, 0.8060383382454475, 0.336095215100153, -0.48717853143302514], "cam_t_m2c": [22.258654734485546, 72.43840886108998, 828.8651649468125], "obj_id": 10}, {"cam_R_m2c": [-0.6420670406713762, 0.764623871174974, 0.05568957555337414, -0.2794832289955247, -0.30109021832536903, 0.911720188005837, 0.7138898265823315, 0.5698211820249616, 0.407020043309771], "cam_t_m2c": [-72.31150060246593, 27.145265423326464, 906.2284305810289], "obj_id": 15}],
  "662": [{"cam_R_m2c": [0.9503756588296918, 0.02187866897989761, 0.31033625372709017, 0.12089184413419132, 0.893158607562965, -0.4331881629858208, -0.2866575481891113, 0.44920911590677265, 0.8461906234717388], "cam_t_m2c": [83.94565152182494, -95.65064737703848, 1020.0429319111063], "obj_id": 2}, {"cam_R_m2c": [-0.6926225446368268, -0.7208015679571949, -0.026811794612285732, -0.2834579773226757, 0.3061814586857958, -0.9087926830060079, 0.6632689405178501, -0.6218507050485531, -0.4163857142570027], "cam_t_m2c": [139.2120574130954, -29.102751983903964, 941.2928461282818], "obj_id": 4}, {"cam_R_m2c": [-0.5039017561925663, -0.8633534777409894, -0.026524156407718807, -0.37513738408965264, 0.24640586098700842, -0.893619304836101, 0.7780448850387934, -0.44034642889738634, -0.4480414392191548], "cam_t_m2c": [123.59975334249246, -15.88646872444657, 832.0529631010238], "obj_id": 5}, {"cam_R_m2c": [0.34560445781355087, -0.9357513106792655, -0.07018777656923209, -0.47809091594876046, -0.11122560456457647, -0.8712388020153198, 0.8074571056880765, 0.3346601883070911, -0.4858149320763673], "cam_t_m2c": [22.093172995946535, 73.92899881402504, 828.4170367197258], "obj_id": 10}, {"cam_R_m2c": [-0.6434334608025002, 0.7634957041702148, 0.055396008504187876, -0.27797465929708687, -0.30046184013422544, 0.9123883184982697, 0.713248374661364, 0.5716621731122217, 0.4055602817335729], "cam_t_m2c": [-72.63183001564876, 28.81063075190129, 905.6929494101528], "obj_id": 15}],
  "671": [{"cam_R_m2c": [0.9521519900973413, 0.021594700441593735, 0.30486107343652874, 0.11836683920623257, 0.8935966035209133, -0.43298349781527434, -0.28177369857128143, 0.4483518892919633, 0.848282600003997], "cam_t_m2c": [88.64448760733268, -96.327954865031, 1018.7022561339635], "obj_id": 2}, {"cam_R_m2c": [-0.6967672251800877, -0.7167978583624616, -0.026737187141912058, -0.28112030248115355, 0.30717749874486067, -0.9091832586137446, 0.6599141640536003, -0.6259726143077847, -0.4155380749591916], "cam_t_m2c": [144.48019166798255, -29.99495564375834, 940.1727338147646], "obj_id": 4}, {"cam_R_m2c": [-0.5088684055183356, -0.8604432624386039, -0.026247336251537537, -0.3731130028102238, 0.24793224465397903, -0.8940452142000681, 0.7757824757943469, -0.44515791602308385, -0.44720822249084535], "cam_t_m2c": [129.4746613621445, -16.861865498882306, 830.837873286619], "obj_id": 5}, {"cam_R_m2c": [0.3402280359916166, -0.9377583074949013, -0.06965893562564208, -0.4780105487619095, -0.1086821481097053, -0.8716044988917933, 0.8097841492386898, 0.329842271097593, -0.48523554982961253], "cam_t_m2c": [28.19851644811239, 73.18554705678787, 826.5697334927953], "obj_id": 10}, {"cam_R_m2c": [-0.6478295764163885, 0.7597690883146154, 0.0553863461628945, -0.2756967778535042, -0.3016121215698161, 0.912700539969417, 0.7101462482725706, 0.5760037235186071, 0.4048596091909472], "cam_t_m2c": [-67.03734517303917, 28.372209120635652, 903.3939062235363], "obj_id": 15}],
  "681": [{"cam_R_m2c": [0.9540245927538668, 0.029360717250029117, 0.29828882932191875, 0.10931558628682363, 0.8925588027132954, -0.4374800691408034, -0.2790856316067886, 0.44997400642680196, 0.8483124478525814], "cam_t_m2c": [94.13717376729724, -97.19356988289346, 1015.2946224890326], "obj_id": 2}, {"cam_R_m2c": [-0.7012730763304604, -0.7120454023894965, -0.034744908441011225, -0.2752712879355903, 0.31542022088089194, -0.9081499108455577, 0.6576035906124742, -0.6272968046890994, -0.41720109033863856], "cam_t_m2c": [150.83953388554033, -31.287201980605857, 937.0272509398316], "obj_id": 4}, {"cam_R_m2c": [-0.5146084483858665, -0.8567499647193916, -0.03402059349624003, -0.36934072307118593, 0.25730345128824283, -0.8929627884163888, 0.7737991258712514, -0.44696093272331455, -0.44884324584657304], "cam_t_m2c": [136.25277327281054, -17.815496109994584, 827.6768956382734], "obj_id": 5}, {"cam_R_m2c": [0.3333042334713416, -0.939660738591546, -0.07710566626156057, -0.4827922867790872, -0.09985862142564696, -0.8700228646293103, 0.8098272513057357, 0.3272084415997133, -0.4869440367335703], "cam_t_m2c": [35.89427975401106, 73.24855005245767, 823.3031088940119], "obj_id": 10}, {"cam_R_m2c": [-0.6524153959218866, 0.7552010131123528, 0.06345573569643678, -0.27042484395006605, -0.31019892491697015, 0.9113986574676669, 0.707972362332072, 0.5774497999082325, 0.4066034384025911], "cam_t_m2c": [-59.98633583150141, 29.258128935670584, 899.800319855669], "obj_id": 15}],
  "682": [{"cam_R_m2c": [0.9541740361949703, 0.03057689644647549, 0.2976882070626706, 0.10752876889001867, 0.8932979029122154, -0.436413139092831, -0.2792684432208601, 0.44842358714989455, 0.8490723974845691], "cam_t_m2c": [94.85117393151008, -96.33178729279534, 1015.453542694505], "obj_id": 2}, {"cam_R_m2c": [-0.7016507106686521, -0.7116118586234803, -0.035982488897524124, -0.27317176932989157, 0.31530199990052393, -0.9088247208621697, 0.6580755175068052, -0.6278480508921181, -0.41562370081734185], "cam_t_m2c": [151.6437316147084, -30.63885849876995, 937.0722747804737], "obj_id": 4}, {"cam_R_m2c": [-0.5151150764860501, -0.8563963170263688, -0.03523732437248986, -0.36729396718888996, 0.2576959740039862, -0.8936935648780714, 0.7744354186906968, -0.447412601572324, -0.4472921588307317], "cam_t_m2c": [137.07580197497165, -17.33714769219672, 827.6986437681501], "obj_id": 5}, {"cam_R_m2c": [0.33264189994186366, -0.9397974808416384, -0.07829090384611105, -0.48183985745038205, -0.09800787160060005, -0.8707610533662125, 0.8106661877569576, 0.32737483625821734, -0.48543299672560425], "cam_t_m2c": [36.841680806316376, 73.85604615320062, 823.1660740659659], "obj_id": 10}, {"cam_R_m2c": [-0.6527866598692906, 0.7547747545247262, 0.06469776629720841, -0.26830455620718935, -0.3102261627660972, 0.9120158765874959, 0.7084361061534344, 0.5779923694224873, 0.40502062282860085], "cam_t_m2c": [-59.09918418903659, 30.129405004583706, 899.7388677325658], "obj_id": 15}],
  "701": [{"cam_R_m2c": [0.958079312691342, 0.039293155404554414, 0.2837984726130437, 0.09181413343502177, 0.8962022769374827, -0.43404023513521284, -0.2713954689163172, 0.44190176568823425, 0.855024441067144], "cam_t_m2c": [93.43014454154735, -84.7659179253815, 1015.7562287487801], "obj_id": 2}, {"cam_R_m2c": [-0.7113551694020448, -0.701376929665753, -0.04521390770932002, -0.2581021090974578, 0.3205270667985848, -0.9113975592425484, 0.6537253590376908, -0.6366581561389709, -0.40903562105172675], "cam_t_m2c": [151.85543951196186, -20.49198722092748, 937.3985966248522], "obj_id": 4}, {"cam_R_m2c": [-0.5272333213751732, -0.8485822311418695, -0.04396872190314245, -0.35396401986324383, 0.2663748079908244, -0.8965229938713851, 0.7724849342251485, -0.4571140807425809, -0.44080975629025143], "cam_t_m2c": [138.4610421391593, -7.8279703739000785, 827.7994361854135], "obj_id": 5}, {"cam_R_m2c": [0.31844377567060306, -0.9440007328217473, -0.08634666034043675, -0.48025327523466227, -0.08212792237685848, -0.8732760577846385, 0.8172826353009838, 0.31955698545871175, -0.47951282654035], "cam_t_m2c": [39.582962137510734, 84.74161510746892, 821.6656302903322], "obj_id": 10}, {"cam_R_m2c": [-0.6628806212634677, 0.7450535950883728, 0.074065806015744, -0.25354130059758656, -0.3164489521890146, 0.9140988561963485, 0.7044894807106183, 0.5871595983100305, 0.39866996801287474], "cam_t_m2c": [-57.65543880970255, 42.97303961952989, 897.6928299229457], "obj_id": 15}],
  "712": [{"cam_R_m2c": [0.9579551918664796, 0.039835451112231586, 0.2841414580334188, 0.08951075455387163, 0.8993968347816921, -0.4278692615417316, -0.27260133423826705, 0.43531303880649136, 0.8580155529919363], "cam_t_m2c": [104.44798565544137, -76.16591351778084, 1016.4175790059023], "obj_id": 2}, {"cam_R_m2c": [-0.7110686584363687, -0.7016330543363357, -0.04574252997061922, -0.25307962671308587, 0.3160938917388654, -0.9143493987155992, 0.6559976858491694, -0.6385888406431225, -0.4023332931696603], "cam_t_m2c": [162.84980497590408, -12.48603603424361, 937.5589315048346], "obj_id": 4}, {"cam_R_m2c": [-0.5269107985506878, -0.8487542280624756, -0.04451050209798133, -0.3481312033160598, 0.2633047000659032, -0.8997080141928341, 0.775351101194619, -0.4585703021107394, -0.4342160697846466], "cam_t_m2c": [149.3974388077456, -0.6194552839857614, 827.8776612789666], "obj_id": 5}, {"cam_R_m2c": [0.31875031417193883, -0.9438461728509434, -0.08690278530647, -0.47436849902556305, -0.07947723824532871, -0.8767307621979633, 0.8205931672278699, 0.32068275650405287, -0.473064167892418], "cam_t_m2c": [50.5460639094636, 91.93540445542902, 821.1228821353935], "obj_id": 10}, {"cam_R_m2c": [-0.6625638753972477, 0.745282991057544, 0.0745894273441214, -0.24816369156186288, -0.3123922897103073, 0.9169652967063037, 0.7066996844821002, 0.5890370922417155, 0.3919318504750794], "cam_t_m2c": [-46.66284037332283, 50.75604012049485, 897.5085019916271], "obj_id": 15}],
  "721": [{"cam_R_m2c": [0.9568376982702748, 0.03621275791222957, 0.28836016825040645, 0.09471248101841506, 0.8991853202932407, -0.4271955755582493, -0.27475987283674386, 0.43606785477613946, 0.8569433846621903], "cam_t_m2c": [115.80466448129724, -77.57076204088193, 1013.9752940123628], "obj_id": 2}, {"cam_R_m2c": [-0.7082106187921671, -0.7047528365327356, -0.04196512180802766, -0.257361167790466, 0.3130603662437957, -0.9141989459959777, 0.6574223242440711, -0.6366449642075154, -0.4030884909637737], "cam_t_m2c": [173.69163455135333, -13.516501089173568, 935.0402204180613], "obj_id": 4}, {"cam_R_m2c": [-0.5232847793438838, -0.8511765069928316, -0.040883551905542805, -0.35157140101166706, 0.259344041484348, -0.8995216694659902, 0.7762542569908005, -0.45633219890519694, -0.43496023221272595], "cam_t_m2c": [159.9207543342506, -1.6173414971564384, 825.4019896902115], "obj_id": 5}, {"cam_R_m2c": [0.32312071450387564, -0.9426678492176647, -0.08348498119716728, -0.47348054584773364, -0.08465102006692866, -0.8767275044428355, 0.8193961279094467, 0.32281758125347737, -0.4736872181802262], "cam_t_m2c": [60.577224853847866, 90.43195533561929, 818.9661859848162], "obj_id": 10}, {"cam_R_m2c": [-0.6596129846275088, 0.7482666425325267, 0.07077363200095119, -0.252241975755446, -0.3090871319988241, 0.9169735281379311, 0.7080152009857081, 0.5869946134258635, 0.3926219795373781], "cam_t_m2c": [-36.238187643632756, 48.679745069665344, 895.540389141624], "obj_id": 15}],
  "722": [{"cam_R_m2c": [0.9571478371783599, 0.03544061857973366, 0.2874235032186225, 0.09519816582296509, 0.8988240749097258, -0.42784584076394466, -0.2735072344079273, 0.43687388747920847, 0.8569334135502479], "cam_t_m2c": [116.42586696217036, -77.40333771472159, 1013.9831906699117], "obj_id": 2}, {"cam_R_m2c": [-0.7089466197214329, -0.7040551810375463, -0.041229385728534115, -0.2581055945315116, 0.31341390841439926, -0.9138671779918777, 0.6563358802532562, -0.6372420464101094, -0.4039143369461966], "cam_t_m2c": [174.39246383400805, -13.266899671409798, 935.1734162095605], "obj_id": 4}, {"cam_R_m2c": [-0.5241415967977155, -0.8506852457680004, -0.040112673790663134, -0.35236768103432425, 0.2595060208287243, -0.8991625969229711, 0.7753143196203088, -0.4571543892197544, -0.43577227257281786], "cam_t_m2c": [160.75271253471516, -1.2783929649336123, 825.5285395720975], "obj_id": 5}, {"cam_R_m2c": [0.3222422394115056, -0.9430395216159493, -0.08267265832674352, -0.47408973376678604, -0.08517373587154418, -0.8763468589543136, 0.8193895462478642, 0.3215907687787886, -0.47453207057662455], "cam_t_m2c": [61.39282101729404, 90.75002807172102, 819.0490871873906], "obj_id": 10}, {"cam_R_m2c": [-0.6604123599450833, 0.7476286793322766, 0.07004994077308221, -0.25301648540167276, -0.309387070932499, 0.9166582442395097, 0.7069925604155386, 0.5876484241962836, 0.3934854774249316], "cam_t_m2c": [-35.50518151574993, 48.907338049636394, 895.469216148707], "obj_id": 15}],
  "735": [{"cam_R_m2c": [0.9577590813292681, 0.041154750585557044, 0.28461359925522495, 0.08881995908642926, 0.8989835938175198, -0.4288810252223531, -0.2735141335138671, 0.43604426223595044, 0.8573537278182641], "cam_t_m2c": [123.97907056216644, -76.86978037406891, 1011.5584350651048], "obj_id": 2}, {"cam_R_m2c": [-0.7106350050551421, -0.701986161314962, -0.04704221795279922, -0.25295675191212724, 0.3173202540312893, -0.9139587966377221, 0.6565145653036853, -0.6375917903410947, -0.4030712823752866], "cam_t_m2c": [182.3609503407129, -13.178545637458008, 932.6942042413024], "obj_id": 4}, {"cam_R_m2c": [-0.5264459961770844, -0.8489722764248834, -0.04582896405931949, -0.34828871885629475, 0.26451840861676645, -0.8992912014131648, 0.7755959353717785, -0.457466706925148, -0.4349427304141165], "cam_t_m2c": [168.8067879044142, -1.2046894362510763, 823.037108392332], "obj_id": 5}, {"cam_R_m2c": [0.31913879783107585, -0.943590714108507, -0.08823910436870261, -0.47538148493466187, -0.0788414088315206, -0.8762396278651283, 0.8198556571575792, 0.3215895619955471, -0.47372725450779224], "cam_t_m2c": [70.0380513557582, 91.45138229102274, 816.4639980737461], "obj_id": 10}, {"cam_R_m2c": [-0.6620731555086863, 0.7455884464671172, 0.07588086825815119, -0.2481312484938274, -0.3136182077716066, 0.9165557777097147, 0.7071706290022997, 0.5879981522429106, 0.39264228579907695], "cam_t_m2c": [-27.13166479605899, 50.30024912216859, 892.9146349013342], "obj_id": 15}],
  "737": [{"cam_R_m2c": [0.9580586855903085, 0.03973738008749033, 0.2838056985478626, 0.08983968674260502, 0.8987692010419727, -0.4291184673472498, -0.2721286732917648, 0.43661698319702796, 0.8575027510992257], "cam_t_m2c": [124.71265642782666, -77.64490789095443, 1010.8490296230441], "obj_id": 2}, {"cam_R_m2c": [-0.7113204157266925, -0.7013832311012994, -0.04565726512302393, -0.25397454741960473, 0.3170554180727134, -0.9137686904346046, 0.6553785596052375, -0.6383865345935599, -0.4036608476581925], "cam_t_m2c": [183.14689687048386, -13.855712749690301, 932.1027934151505], "obj_id": 4}, {"cam_R_m2c": [-0.5272115853476165, -0.8485724217034265, -0.04441284422979322, -0.3492092537495933, 0.26401751996770184, -0.8990816509391949, 0.7746615966379168, -0.45849676005158374, -0.4355221403406325], "cam_t_m2c": [169.73467557134074, -1.8309038754581959, 822.4338492380477], "obj_id": 5}, {"cam_R_m2c": [0.31842497373594464, -0.9439662803763058, -0.08678968710297613, -0.47556623286507427, -0.07987607450904544, -0.8760459261191889, 0.8200261337094229, 0.3202294955070999, -0.4743524504898622], "cam_t_m2c": [70.89173235393069, 90.7400067586192, 815.7763570105918], "obj_id": 10}, {"cam_R_m2c": [-0.6628335242406885, 0.7450511886974551, 0.07450806097868838, -0.24913450397181533, -0.31328555585738393, 0.9163976393768144, 0.7061049627691272, 0.5888558276374695, 0.3932735267671018], "cam_t_m2c": [-26.347242499710404, 49.457377189870776, 892.0679126113383], "obj_id": 15}],
  "751": [{"cam_R_m2c": [0.9585850053375133, 0.04208045461855079, 0.281683275247558, 0.08625602847004323, 0.8996826071483905, -0.4279373316863808, -0.2714343023845881, 0.4345113567853095, 0.8587917090128344], "cam_t_m2c": [129.94455432178967, -74.48507568451893, 1009.8999522156149], "obj_id": 2}, {"cam_R_m2c": [-0.7127111948116052, -0.6998080819179517, -0.04807725237428173, -0.25023031207519486, 0.317676716064336, -0.914585191561599, 0.6553079535457749, -0.6398046943575517, -0.40152518250685565], "cam_t_m2c": [188.6479844631565, -11.06325360708365, 931.0572913867525], "obj_id": 4}, {"cam_R_m2c": [-0.5290072270947673, -0.8473281702689142, -0.04675788204373968, -0.34574327086408074, 0.2655192743962253, -0.8999781258438139, 0.7749920163020954, -0.4599285091924319, -0.43342020209128695], "cam_t_m2c": [175.3757825462042, 0.7407634946085917, 821.3473148039888], "obj_id": 5}, {"cam_R_m2c": [0.3161952989966555, -0.9445073663743322, -0.08902742516078362, -0.47458018188600665, -0.0762208337717212, -0.8769055131124357, 0.8214586975160919, 0.3195245847264849, -0.4723454409965688], "cam_t_m2c": [76.82322484195018, 93.59769736600366, 814.3755844527221], "obj_id": 10}, {"cam_R_m2c": [-0.664257408531618, 0.7435339395836783, 0.0769457247784471, -0.24541768941997885, -0.3141588101250235, 0.9171009903602699, 0.7060686043667708, 0.5903065234246868, 0.3911589606359658], "cam_t_m2c": [-20.613478926440884, 52.79521888483506, 890.6731711424841], "obj_id": 15}],
  "757": [{"cam_R_m2c": [0.9597085693615216, 0.04659971737374537, 0.2771077800778508, 0.08032184892983289, 0.8995145386447742, -0.42944416693535603, -0.2692744296932443, 0.4343994690213029, 0.8595281716675996], "cam_t_m2c": [129.9993369082259, -74.79402466040288, 1007.8974072205505], "obj_id": 2}, {"cam_R_m2c": [-0.7157154038199893, -0.696395681870027, -0.05276250361149937, -0.24570434268765243, 0.3217978118589535, -0.9143721143147538, 0.6537437019257544, -0.641466841694717, -0.40142358542927215], "cam_t_m2c": [189.26872031749508, -11.751829803133983, 929.173821920274], "obj_id": 4}, {"cam_R_m2c": [-0.5328717984091593, -0.8446402711856857, -0.05128133009803955, -0.3423106542163565, 0.2705879602135169, -0.8997811605697387, 0.7738669869691038, -0.4619144552996411, -0.43331888166555393], "cam_t_m2c": [176.3181749557043, 0.10646640618758774, 819.4312305576989], "obj_id": 5}, {"cam_R_m2c": [0.31141833546147674, -0.945679009880748, -0.09332034696204752, -0.4763064737846531, -0.07036127430729015, -0.8764597660262898, 0.8222844069771936, 0.31739429359362203, -0.47234540784978546], "cam_t_m2c": [78.35194362471137, 93.56314294575685, 812.2141786891934], "obj_id": 10}, {"cam_R_m2c": [-0.6673484710591457, 0.7402545215723246, 0.08166928876775927, -0.24117597382392716, -0.3185596293292137, 0.9167086685263159, 0.7046132690199115, 0.5920673784187684, 0.3911224337378431], "cam_t_m2c": [-19.505646621141267, 53.37630398229769, 888.2994574594803], "obj_id": 15}],
  "769": [{"cam_R_m2c": [0.961793068260486, 0.05120620478822687, 0.2689467886230536, 0.07254975650000679, 0.8995629990302341, -0.4307227867021048, -0.26399102400929597, 0.43377799743676365, 0.8614782096048543], "cam_t_m2c": [130.88440609566527, -74.75118346982413, 1005.3660827480159], "obj_id": 2}, {"cam_R_m2c": [-0.7212471443139004, -0.690272269072099, -0.05766866405260952, -0.23944267205421585, 0.3265761896231243, -0.9143385019109063, 0.6499766573953288, -0.6456562830499986, -0.4008226166992267], "cam_t_m2c": [191.0826378023624, -12.25382619386248, 926.9133550487364], "obj_id": 4}, {"cam_R_m2c": [-0.5398367234421142, -0.8399112139718022, -0.05589570868685797, -0.33735221415473726, 0.2767081144511201, -0.899791947832405, 0.7712124864581893, -0.466884577793003, -0.4327233012361815], "cam_t_m2c": [178.8371720198135, -0.40612183515672307, 817.0887623445905], "obj_id": 5}, {"cam_R_m2c": [0.3030971208322901, -0.9479545704405933, -0.09753293820385972, -0.47788941062753687, -0.06265024604004714, -0.87618252993225, 0.8244721343092293, 0.31217872164206917, -0.4720065114134561], "cam_t_m2c": [81.64614271146634, 93.80549270891618, 809.234140873443], "obj_id": 10}, {"cam_R_m2c": [-0.6731306490335882, 0.7344297813197963, 0.0866497999305895, -0.23524061426151863, -0.32373082434224876, 0.9164387373046099, 0.7011109623222039, 0.596499306239211, 0.39068071987404673], "cam_t_m2c": [-16.94516964982806, 54.4615043031079, 884.8109914540739], "obj_id": 15}],
  "923": [{"cam_R_m2c": [0.985704243476814, 0.0704034779880539, 0.1530727400163023, 0.00719019718560673, 0.8901083634738218, -0.45569197250878424, -0.16833421350581995, 0.4502781106287754, 0.8768762072766877], "cam_t_m2c": [117.35985264369731, -94.46580428776495, 972.5384612219846], "obj_id": 2}, {"cam_R_m2c": [-0.7961399204268671, -0.5996579047090851, -0.08106104742849882, -0.19374611351413815, 0.37952007194008147, -0.9046696919587921, 0.5732571121717016, -0.7045381770675635, -0.41833254479473736], "cam_t_m2c": [189.1058771289643, -35.68614058994976, 901.2500494498275], "obj_id": 4}, {"cam_R_m2c": [-0.6346377674859498, -0.7691438271954358, -0.07517823082170691, -0.30513481927118913, 0.3387662001176616, -0.8900170007532009, 0.7100186495402494, -0.5418986829699163, -0.4496868037790021], "cam_t_m2c": [188.50656741971963, -22.092179218591465, 790.9477474106333], "obj_id": 5}, {"cam_R_m2c": [0.18734682915701917, -0.9759960853912917, -0.11104714318956987, -0.5048244161382889, 0.0013123702758236178, -0.8632209340979522, 0.8426464504738579, 0.2177813165766864, -0.4924608977491258], "cam_t_m2c": [99.27439864444429, 78.7596800553543, 775.1320418102584], "obj_id": 10}, {"cam_R_m2c": [-0.7530808300952733, 0.6485022472382167, 0.11097069429176638, -0.19335300661711466, -0.3793647335906994, 0.9048189800830393, 0.628874831180885, 0.659944495651911, 0.41108228093218], "cam_t_m2c": [-8.712050096995775, 45.78961058897653, 840.1855786248422], "obj_id": 15}],
  "1026": [{"cam_R_m2c": [0.9959953732800848, 0.07513927527786313, 0.04845774689829159, -0.044237979165537886, 0.8851323904353965, -0.46323164019351304, -0.07769846040443111, 0.4592328680175776, 0.8849105965312777], "cam_t_m2c": [72.6530882700708, -88.77274082341735, 942.5757570164736], "obj_id": 2}, {"cam_R_m2c": [-0.8541577154989989, -0.5122688809962268, -0.08941220266260563, -0.15203728825301666, 0.4104405684255458, -0.8991237967396696, 0.49729166525112733, -0.7543994823191007, -0.428465040893197], "cam_t_m2c": [153.5672791014222, -33.80426732061106, 878.420185226389], "obj_id": 4}, {"cam_R_m2c": [-0.7118286774985809, -0.6977887011246755, -0.07993685276270845, -0.2717307888049679, 0.378557281559448, -0.8847920379061223, 0.6476579945256536, -0.608099127436536, -0.45907903813228124], "cam_t_m2c": [163.75205464469556, -20.176062527153007, 768.5917031199633], "obj_id": 5}, {"cam_R_m2c": [0.08311543727641196, -0.9904153807426967, -0.1103080654266374, -0.5140794563326364, 0.052212581382516006, -0.8561519012699681, 0.8537059623684606, 0.12786645674211064, -0.5048126616687318], "cam_t_m2c": [81.69885329017734, 85.19908587747162, 745.2044498543353], "obj_id": 10}, {"cam_R_m2c": [-0.8163964039022968, 0.5649238163330498, 0.11982621561165314, -0.15390312551549232, -0.4128262994510359, 0.8977130889835521, 0.5566058673062778, 0.7144475785662483, 0.42397358960913223], "cam_t_m2c": [-33.34455435046945, 57.8978937864643, 799.974116599684], "obj_id": 15}],
  "1044": [{"cam_R_m2c": [0.995978457244575, 0.08631390915358161, 0.02404555761666074, -0.06517623867796363, 0.8820542420634367, -0.46661767312425917, -0.0614856954210798, 0.46317358278649107, 0.8841316754296584], "cam_t_m2c": [57.828670902413776, -86.7335529333518, 938.1965794740606], "obj_id": 2}, {"cam_R_m2c": [-0.8652634934899434, -0.49095829256222945, -0.10138505056705074, -0.13523569774890642, 0.42333138736892323, -0.8958247658114656, 0.48273280930435064, -0.7614134315134342, -0.4326880213631509], "cam_t_m2c": [140.93568148160196, -33.31856852731262, 875.5495781292559], "obj_id": 4}, {"cam_R_m2c": [-0.7279997214659782, -0.6794967338799417, -0.09110507668120131, -0.25834463167249727, 0.3949905159979255, -0.881612448481654, 0.6350384337639035, -0.6182769721525543, -0.46309741838975804], "cam_t_m2c": [153.21453805863163, -19.604260135006157, 765.9461646482694], "obj_id": 5}, {"cam_R_m2c": [0.05812670407334957, -0.9910576556089213, -0.12010495881233164, -0.5181034288271487, 0.07289081450963115, -0.8522062323633208, 0.8533407500580192, 0.11176322457683537, -0.5092332569993623], "cam_t_m2c": [73.81005038997614, 87.55537432961974, 741.5459872189355], "obj_id": 10}, {"cam_R_m2c": [-0.8285322174081167, 0.544201675971257, 0.13183217443446346, -0.1380686000455684, -0.4267242865103117, 0.8937805916664917, 0.5426524260695189, 0.7223234873028056, 0.42869175561931927], "cam_t_m2c": [-42.672748903080816, 62.55267321328181, 794.3351049111748], "obj_id": 15}],
  "1052": [{"cam_R_m2c": [0.9962420462328657, 0.08493155916698615, 0.01701858483711695, -0.06714699275135425, 0.8813405369373688, -0.46768510656776846, -0.054720742859660304, 0.4647847951698797, 0.8837299529941796], "cam_t_m2c": [53.63645686580617, -88.72534478151728, 934.0386740969225], "obj_id": 2}, {"cam_R_m2c": [-0.8688334276549109, -0.48485068451539404, -0.10023985059941691, -0.13401808231612622, 0.42521465407035874, -0.8951152765432783, 0.47662100403287383, -0.7642716637835273, -0.4344195671133831], "cam_t_m2c": [137.28076081159736, -35.40865648535586, 872.0263112624885], "obj_id": 4}, {"cam_R_m2c": [-0.7328708574237486, -0.674425393830342, -0.08972222414744142, -0.2575836823687211, 0.3970953317727213, -0.8808890101544191, 0.6297216982011143, -0.6224665767541723, -0.46474101843550125], "cam_t_m2c": [150.34020488760305, -21.593172837193997, 762.5259563872112], "obj_id": 5}, {"cam_R_m2c": [0.05120520828518471, -0.9916509838707762, -0.11834438069541571, -0.519205070974457, 0.07479347978739807, -0.851370228092757, 0.8531137121605679, 0.10503982304898184, -0.5110405189927912], "cam_t_m2c": [71.3242388532985, 85.75706426362811, 737.7062350844013], "obj_id": 10}, {"cam_R_m2c": [-0.8325204865542464, 0.5383542853886447, 0.13070946649897985, -0.13699537509724938, -0.42867162051983665, 0.8930132972867741, 0.5367880630233344, 0.7255443591639527, 0.43063009857878287], "cam_t_m2c": [-45.56924791501551, 60.93236527478938, 789.6649402499767], "obj_id": 15}],
