{
  "620": {"cam_K": [1066.778, 0.0, 312.9869, 0.0, 1067.487, 241.3109, 0.0, 0.0, 1.0], "cam_R_w2c": [0.857435, -0.50998, -0.0687424, -0.291388, -0.371065, -0.881705, 0.424144, 0.776036, -0.466766], "cam_t_w2c": [52.252630043199964, 46.47379015000003, 944.9590206219999], "depth_scale": 0.1},
  "623": {"cam_K": [1066.778, 0.0, 312.9869, 0.0, 1067.487, 241.3109, 0.0, 0.0, 1.0], "cam_R_w2c": [0.857268, -0.510671, -0.0656292, -0.290168, -0.373897, -0.880911, 0.425317, 0.77422, -0.46871], "cam_t_w2c": [52.24139137959998, 43.48714846199997, 943.592320844], "depth_scale": 0.1},
  "629": {"cam_K": [1066.778, 0.0, 312.9869, 0.0, 1067.487, 241.3109, 0.0, 0.0, 1.0], "cam_R_w2c": [0.854999, -0.51455, -0.0649216, -0.293259, -0.376411, -0.878814, 0.427756, 0.770424, -0.472727], "cam_t_w2c": [54.54750930059997, 38.41046084599997, 940.1164033839999], "depth_scale": 0.1},
  "633": {"cam_K": [1066.778, 0.0, 312.9869, 0.0, 1067.487, 241.3109, 0.0, 0.0, 1.0], "cam_R_w2c": [0.856275, -0.51275, -0.0622977, -0.291809, -0.380704, -0.877446, 0.426193, 0.769514, -0.475612], "cam_t_w2c": [58.92387852359998, 34.832329977999954, 938.229240508], "depth_scale": 0.1},
  "640": {"cam_K": [1066.778, 0.0, 312.9869, 0.0, 1067.487, 241.3109, 0.0, 0.0, 1.0], "cam_R_w2c": [0.855905, -0.512555, -0.0686609, -0.296748, -0.378061, -0.876933, 0.423518, 0.770946, -0.475684], "cam_t_w2c": [68.51532548050004, 36.02521058899999, 937.5960457259999], "depth_scale": 0.1},
  "642": {"cam_K": [1066.778, 0.0, 312.9869, 0.0, 1067.487, 241.3109, 0.0, 0.0, 1.0], "cam_R_w2c": [0.856847, -0.511131, -0.067512, -0.295505, -0.37958, -0.876696, 0.42248, 0.771144, -0.476284], "cam_t_w2c": [69.82228050099998, 34.992981824999994, 937.4928713080001], "depth_scale": 0.1},
  "644": {"cam_K": [1066.778, 0.0, 312.9869, 0.0, 1067.487, 241.3109, 0.0, 0.0, 1.0], "cam_R_w2c": [0.856385, -0.512055, -0.0663704, -0.295179, -0.380049, -0.876603, 0.423645, 0.7703, -0.476616], "cam_t_w2c": [69.92341422519996, 34.20256396499999, 936.8973316729999], "depth_scale": 0.1},
  "651": {"cam_K": [1066.778, 0.0, 312.9869, 0.0, 1067.487, 241.3109, 0.0, 0.0, 1.0], "cam_R_w2c": [0.856113, -0.512945, -0.0629138, -0.293985, -0.383271, -0.875601, 0.425022, 0.768109, -0.478921], "cam_t_w2c": [74.7678931248, 29.982293351999978, 934.0570187220001], "depth_scale": 0.1},
  "653": {"cam_K": [1066.778, 0.0, 312.9869, 0.0, 1067.487, 241.3109, 0.0, 0.0, 1.0], "cam_R_w2c": [0.856015, -0.513029, -0.0635508, -0.294293, -0.382553, -0.875811, 0.425005, 0.76841, -0.478452], "cam_t_w2c": [76.84450149499999, 30.051013397000006, 933.44206666], "depth_scale": 0.1},
  "660": {"cam_K": [1066.778, 0.0, 312.9869, 0.0, 1067.487, 241.3109, 0.0, 0.0, 1.0], "cam_R_w2c": [0.855264, -0.514354, -0.062958, -0.294064, -0.381711, -0.876255, 0.426674, 0.767943, -0.477717], "cam_t_w2c": [83.48866247600002, 32.14167435400006, 932.7695167600001], "depth_scale": 0.1},
  "662": {"cam_K": [1066.778, 0.0, 312.9869, 0.0, 1067.487, 241.3109, 0.0, 0.0, 1.0], "cam_R_w2c": [0.8544, -0.515837, -0.0625543, -0.293717, -0.380135, -0.877056, 0.428639, 0.76773, -0.476298], "cam_t_w2c": [83.16376176330003, 33.79848672799996, 932.454315484], "depth_scale": 0.1},
  "671": {"cam_K": [1066.778, 0.0, 312.9869, 0.0, 1067.487, 241.3109, 0.0, 0.0, 1.0], "cam_R_w2c": [0.851449, -0.520745, -0.0621155, -0.295205, -0.378011, -0.877475, 0.43346, 0.765462, -0.475584], "cam_t_w2c": [88.62918643199995, 32.96230610700002, 930.883787234], "depth_scale": 0.1},
  "681": {"cam_K": [1066.778, 0.0, 312.9869, 0.0, 1067.487, 241.3109, 0.0, 0.0, 1.0], "cam_R_w2c": [0.847306, -0.526521, -0.0696308, -0.304459, -0.374106, -0.875985, 0.435175, 0.763427, -0.477286], "cam_t_w2c": [95.68450290319994, 32.314408407999984, 927.6918437960001], "depth_scale": 0.1},
  "682": {"cam_K": [1066.778, 0.0, 312.9869, 0.0, 1067.487, 241.3109, 0.0, 0.0, 1.0], "cam_R_w2c": [0.846902, -0.527008, -0.0708515, -0.304871, -0.372062, -0.876712, 0.435673, 0.764089, -0.475769], "cam_t_w2c": [96.59568796449999, 33.03078553100003, 927.626850324], "depth_scale": 0.1},
  "701": {"cam_K": [1066.778, 0.0, 312.9869, 0.0, 1067.487, 241.3109, 0.0, 0.0, 1.0], "cam_R_w2c": [0.838586, -0.538979, -0.0792191, -0.313501, -0.358529, -0.879303, 0.445524, 0.762206, -0.469628], "cam_t_w2c": [98.10493748540001, 44.15163142199996, 926.775533352], "depth_scale": 0.1},
  "712": {"cam_K": [1066.778, 0.0, 312.9869, 0.0, 1067.487, 241.3109, 0.0, 0.0, 1.0], "cam_R_w2c": [0.838793, -0.538559, -0.0798806, -0.310553, -0.352757, -0.882677, 0.447195, 0.765191, -0.463141], "cam_t_w2c": [109.28329631340006, 51.861262421000035, 926.5587206329999], "depth_scale": 0.1},
  "721": {"cam_K": [1066.778, 0.0, 312.9869, 0.0, 1067.487, 241.3109, 0.0, 0.0, 1.0], "cam_R_w2c": [0.841423, -0.534951, -0.0763881, -0.306634, -0.356268, -0.882638, 0.444953, 0.766095, -0.463806], "cam_t_w2c": [119.72935463750001, 50.23056640999995, 924.339016324], "depth_scale": 0.1},
  "722": {"cam_K": [1066.778, 0.0, 312.9869, 0.0, 1067.487, 241.3109, 0.0, 0.0, 1.0], "cam_R_w2c": [0.840951, -0.535807, -0.0755753, -0.306774, -0.357039, -0.882277, 0.445747, 0.765137, -0.464624], "cam_t_w2c": [120.43103333819994, 50.454795149000034, 924.440541768], "depth_scale": 0.1},
  "735": {"cam_K": [1066.778, 0.0, 312.9869, 0.0, 1067.487, 241.3109, 0.0, 0.0, 1.0], "cam_R_w2c": [0.838948, -0.53812, -0.0811987, -0.311754, -0.352919, -0.882189, 0.446067, 0.765425, -0.463842], "cam_t_w2c": [128.85726690100003, 50.841775874999996, 921.9415825589999], "depth_scale": 0.1},
  "737": {"cam_K": [1066.778, 0.0, 312.9869, 0.0, 1067.487, 241.3109, 0.0, 0.0, 1.0], "cam_R_w2c": [0.838601, -0.538877, -0.0797506, -0.311239, -0.353818, -0.882011, 0.447078, 0.764477, -0.464431], "cam_t_w2c": [129.58638992880003, 50.088577994999994, 921.286897083], "depth_scale": 0.1},
  "751": {"cam_K": [1066.778, 0.0, 312.9869, 0.0, 1067.487, 241.3109, 0.0, 0.0, 1.0], "cam_R_w2c": [0.837243, -0.54064, -0.082055, -0.312749, -0.350331, -0.882868, 0.448567, 0.764838, -0.462397], "cam_t_w2c": [135.37630781299995, 52.963231451999995, 920.045790003], "depth_scale": 0.1},
  "757": {"cam_K": [1066.778, 0.0, 312.9869, 0.0, 1067.487, 241.3109, 0.0, 0.0, 1.0], "cam_R_w2c": [0.834297, -0.5445, -0.0864181, -0.317756, -0.346817, -0.882468, 0.450533, 0.7637, -0.462367], "cam_t_w2c": [136.44858730419998, 52.71245774399996, 917.981061361], "depth_scale": 0.1},
  "769": {"cam_K": [1066.778, 0.0, 312.9869, 0.0, 1067.487, 241.3109, 0.0, 0.0, 1.0], "cam_R_w2c": [0.829274, -0.551422, -0.0907621, -0.323784, -0.341714, -0.882267, 0.455487, 0.761029, -0.461916], "cam_t_w2c": [138.88530741200003, 52.734004966, 915.2497404909999], "depth_scale": 0.1},
  "923": {"cam_K": [1066.778, 0.0, 312.9869, 0.0, 1067.487, 241.3109, 0.0, 0.0, 1.0], "cam_R_w2c": [0.756353, -0.645544, -0.105843, -0.384122, -0.307308, -0.870639, 0.529509, 0.699167, -0.480401], "cam_t_w2c": [143.228758246, 34.400117364999986, 883.4765187979999], "depth_scale": 0.1},
  "1026": {"cam_K": [1066.778, 0.0, 312.9869, 0.0, 1067.487, 241.3109, 0.0, 0.0, 1.0], "cam_R_w2c": [0.683808, -0.721798, -0.106836, -0.422345, -0.272141, -0.864618, 0.595005, 0.636354, -0.49094], "cam_t_w2c": [113.91873568399993, 40.39746075600004, 854.74387825], "depth_scale": 0.1},
  "1044": {"cam_K": [1066.778, 0.0, 312.9869, 0.0, 1067.487, 241.3109, 0.0, 0.0, 1.0], "cam_R_w2c": [0.664788, -0.737807, -0.117038, -0.438303, -0.258361, -0.860895, 0.604936, 0.623611, -0.495138], "cam_t_w2c": [103.42089343000004, 42.47920734899996, 851.04633471], "depth_scale": 0.1},
  "1052": {"cam_K": [1066.778, 0.0, 312.9869, 0.0, 1067.487, 241.3109, 0.0, 0.0, 1.0], "cam_R_w2c": [0.659706, -0.742613, -0.115386, -0.440283, -0.25748, -0.860148, 0.609047, 0.618247, -0.496821], "cam_t_w2c": [100.08414650100003, 40.61747467800003, 847.1829575990001], "depth_scale": 0.1},
  "1058": {"cam_K": [1066.778, 0.0, 312.9869, 0.0, 1067.487, 241.3109, 0.0, 0.0, 1.0], "cam_R_w2c": [0.657694, -0.744961, -0.11168, -0.438727, -0.258303, -0.860696, 0.612337, 0.615072, -0.496719], "cam_t_w2c": [99.54949869700002, 39.928398518999984, 844.36515824], "depth_scale": 0.1},
  "1066": {"cam_K": [1066.778, 0.0, 312.9869, 0.0, 1067.487, 241.3109, 0.0, 0.0, 1.0], "cam_R_w2c": [0.652486, -0.749515, -0.111757, -0.442292, -0.256911, -0.859287, 0.615337, 0.610102, -0.499135], "cam_t_w2c": [98.61343310299992, 38.28720232300004, 840.252224058], "depth_scale": 0.1},
  "1077": {"cam_K": [1066.778, 0.0, 312.9869, 0.0, 1067.487, 241.3109, 0.0, 0.0, 1.0], "cam_R_w2c": [0.647342, -0.753368, -0.115694, -0.446569, -0.251871, -0.858567, 0.617677, 0.607451, -0.499478], "cam_t_w2c": [98.91020029200001, 39.71220940299991, 838.3664452690001], "depth_scale": 0.1},
  "1094": {"cam_K": [1066.778, 0.0, 312.9869, 0.0, 1067.487, 241.3109, 0.0, 0.0, 1.0], "cam_R_w2c": [0.641281, -0.758916, -0.113164, -0.439674, -0.242573, -0.864781, 0.628845, 0.604322, -0.489232], "cam_t_w2c": [99.20946801199995, 52.24725296599997, 837.1958190579999], "depth_scale": 0.1},
  "1098": {"cam_K": [1066.778, 0.0, 312.9869, 0.0, 1067.487, 241.3109, 0.0, 0.0, 1.0], "cam_R_w2c": [0.637702, -0.762216, -0.111191, -0.439493, -0.241488, -0.865176, 0.632599, 0.600592, -0.488986], "cam_t_w2c": [97.91014052899996, 52.50277041399992, 835.762586556], "depth_scale": 0.1},
  "1105": {"cam_K": [1066.778, 0.0, 312.9869, 0.0, 1067.487, 241.3109, 0.0, 0.0, 1.0], "cam_R_w2c": [0.633978, -0.765588, -0.109305, -0.438015, -0.238988, -0.866618, 0.63735, 0.597294, -0.486852], "cam_t_w2c": [98.26742595600003, 54.16883389799998, 833.6229649320001], "depth_scale": 0.1},
  "1113": {"cam_K": [1066.778, 0.0, 312.9869, 0.0, 1067.487, 241.3109, 0.0, 0.0, 1.0], "cam_R_w2c": [0.633995, -0.766284, -0.104211, -0.428857, -0.236241, -0.871936, 0.643531, 0.597494, -0.478402], "cam_t_w2c": [99.73970154899997, 59.817190766, 832.6441125720002], "depth_scale": 0.1},
  "1125": {"cam_K": [1066.778, 0.0, 312.9869, 0.0, 1067.487, 241.3109, 0.0, 0.0, 1.0], "cam_R_w2c": [0.628915, -0.7711, -0.0993487, -0.426242, -0.235101, -0.873525, 0.650218, 0.59172, -0.476534], "cam_t_w2c": [96.86630262649999, 58.30386999099996, 828.360488962], "depth_scale": 0.1},
  "1130": {"cam_K": [1066.778, 0.0, 312.9869, 0.0, 1067.487, 241.3109, 0.0, 0.0, 1.0], "cam_R_w2c": [0.624821, -0.774514, -0.0986263, -0.428127, -0.234235, -0.872835, 0.652921, 0.58759, -0.477945], "cam_t_w2c": [94.23371340379997, 57.64501259399996, 826.260551513], "depth_scale": 0.1},
  "1145": {"cam_K": [1066.778, 0.0, 312.9869, 0.0, 1067.487, 241.3109, 0.0, 0.0, 1.0], "cam_R_w2c": [0.618966, -0.779431, -0.0967913, -0.430996, -0.234043, -0.871474, 0.6566, 0.581129, -0.480796], "cam_t_w2c": [93.23417825480001, 53.82237184700001, 821.5473886069999], "depth_scale": 0.1},
  "1150": {"cam_K": [1066.778, 0.0, 312.9869, 0.0, 1067.487, 241.3109, 0.0, 0.0, 1.0], "cam_R_w2c": [0.616634, -0.781303, -0.0965818, -0.432593, -0.233779, -0.870753, 0.657743, 0.578717, -0.482142], "cam_t_w2c": [93.41628950740005, 51.492845733, 821.0192591209999], "depth_scale": 0.1},
  "1169": {"cam_K": [1066.778, 0.0, 312.9869, 0.0, 1067.487, 241.3109, 0.0, 0.0, 1.0], "cam_R_w2c": [0.607204, -0.789121, -0.0926958, -0.434601, -0.232195, -0.870177, 0.665151, 0.56866, -0.483942], "cam_t_w2c": [92.73540929460002, 47.65899120600003, 822.8755190070001], "depth_scale": 0.1},
  "1189": {"cam_K": [1066.778, 0.0, 312.9869, 0.0, 1067.487, 241.3109, 0.0, 0.0, 1.0], "cam_R_w2c": [0.597426, -0.796837, -0.0901875, -0.434176, -0.22685, -0.871797, 0.674221, 0.559991, -0.481494], "cam_t_w2c": [93.00991171249997, 49.17317604300003, 826.482053304], "depth_scale": 0.1},
  "1192": {"cam_K": [1066.778, 0.0, 312.9869, 0.0, 1067.487, 241.3109, 0.0, 0.0, 1.0], "cam_R_w2c": [0.595352, -0.798419, -0.089902, -0.432324, -0.224018, -0.873448, 0.677238, 0.558876, -0.478546], "cam_t_w2c": [93.83715428699999, 52.419687837999994, 827.11240071], "depth_scale": 0.1},
  "1209": {"cam_K": [1066.778, 0.0, 312.9869, 0.0, 1067.487, 241.3109, 0.0, 0.0, 1.0], "cam_R_w2c": [0.580972, -0.809082, -0.0886416, -0.431119, -0.213525, -0.876666, 0.690368, 0.547534, -0.472863], "cam_t_w2c": [88.06259929320001, 60.018221403000005, 825.747326995], "depth_scale": 0.1},
  "1216": {"cam_K": [1066.778, 0.0, 312.9869, 0.0, 1067.487, 241.3109, 0.0, 0.0, 1.0], "cam_R_w2c": [0.577674, -0.811276, -0.0901284, -0.433278, -0.211181, -0.876169, 0.691782, 0.545191, -0.473502], "cam_t_w2c": [88.06390607799999, 59.39724540500002, 825.341186657], "depth_scale": 0.1},
  "1242": {"cam_K": [1066.778, 0.0, 312.9869, 0.0, 1067.487, 241.3109, 0.0, 0.0, 1.0], "cam_R_w2c": [0.560368, -0.823267, -0.0906595, -0.434964, -0.199366, -0.8781, 0.704836, 0.531493, -0.46981], "cam_t_w2c": [79.46520844349998, 63.98820725999998, 820.997446794], "depth_scale": 0.1},
  "1246": {"cam_K": [1066.778, 0.0, 312.9869, 0.0, 1067.487, 241.3109, 0.0, 0.0, 1.0], "cam_R_w2c": [0.557786, -0.825268, -0.0883569, -0.433657, -0.199011, -0.878827, 0.707684, 0.528514, -0.468889], "cam_t_w2c": [77.50333457309996, 64.44381333200006, 819.887919915], "depth_scale": 0.1},
  "1263": {"cam_K": [1066.778, 0.0, 312.9869, 0.0, 1067.487, 241.3109, 0.0, 0.0, 1.0], "cam_R_w2c": [0.549102, -0.830905, -0.0899069, -0.443625, -0.198607, -0.873929, 0.708296, 0.519761, -0.477666], "cam_t_w2c": [75.42825218719997, 55.82097421100002, 815.534078215], "depth_scale": 0.1},
  "1266": {"cam_K": [1066.778, 0.0, 312.9869, 0.0, 1067.487, 241.3109, 0.0, 0.0, 1.0], "cam_R_w2c": [0.54796, -0.831695, -0.0895689, -0.444637, -0.198893, -0.87335, 0.708546, 0.518387, -0.478788], "cam_t_w2c": [75.4201959893, 53.914835493999945, 815.0694455070001], "depth_scale": 0.1},
  "1280": {"cam_K": [1066.778, 0.0, 312.9869, 0.0, 1067.487, 241.3109, 0.0, 0.0, 1.0], "cam_R_w2c": [0.535493, -0.839194, -0.0948697, -0.456041, -0.192782, -0.868828, 0.710826, 0.508516, -0.48594], "cam_t_w2c": [74.81183735519997, 49.82901049099997, 814.288845426], "depth_scale": 0.1},
  "1284": {"cam_K": [1066.778, 0.0, 312.9869, 0.0, 1067.487, 241.3109, 0.0, 0.0, 1.0], "cam_R_w2c": [0.533988, -0.840309, -0.0934714, -0.456204, -0.19328, -0.868631, 0.711853, 0.506481, -0.486562], "cam_t_w2c": [75.79430739340002, 48.80556896499999, 814.474651736], "depth_scale": 0.1},
  "1324": {"cam_K": [1066.778, 0.0, 312.9869, 0.0, 1067.487, 241.3109, 0.0, 0.0, 1.0], "cam_R_w2c": [0.495078, -0.8637, -0.0944459, -0.473081, -0.176792, -0.863099, 0.728761, 0.471981, -0.496126], "cam_t_w2c": [61.105784006399986, 39.84282805599998, 811.2792469359999], "depth_scale": 0.1},
  "1480": {"cam_K": [1066.778, 0.0, 312.9869, 0.0, 1067.487, 241.3109, 0.0, 0.0, 1.0], "cam_R_w2c": [0.460168, -0.882931, -0.0931576, -0.418705, -0.123293, -0.899714, 0.7829, 0.453025, -0.426423], "cam_t_w2c": [75.53775789280002, 78.27225767899998, 893.639735044], "depth_scale": 0.1},
  "1542": {"cam_K": [1066.778, 0.0, 312.9869, 0.0, 1067.487, 241.3109, 0.0, 0.0, 1.0], "cam_R_w2c": [0.433428, -0.897357, -0.0830095, -0.43996, -0.130311, -0.888512, 0.786496, 0.421627, -0.451282], "cam_t_w2c": [71.77760636899994, 27.35710045000006, 889.1490557379999], "depth_scale": 0.1},
  "1564": {"cam_K": [1066.778, 0.0, 312.9869, 0.0, 1067.487, 241.3109, 0.0, 0.0, 1.0], "cam_R_w2c": [0.424146, -0.902031, -0.0802487, -0.441215, -0.12845, -0.888161, 0.790841, 0.412117, -0.452471], "cam_t_w2c": [70.28496490799999, 23.922709050000044, 884.3268951160001], "depth_scale": 0.1},
  "1592": {"cam_K": [1066.778, 0.0, 312.9869, 0.0, 1067.487, 241.3109, 0.0, 0.0, 1.0], "cam_R_w2c": [0.411591, -0.907141, -0.0876835, -0.445055, -0.116103, -0.887945, 0.795311, 0.404494, -0.451515], "cam_t_w2c": [73.198172596, 27.917306195000048, 882.750934284], "depth_scale": 0.1},
  "1593": {"cam_K": [1066.778, 0.0, 312.9869, 0.0, 1067.487, 241.3109, 0.0, 0.0, 1.0], "cam_R_w2c": [0.412638, -0.9066, -0.0883556, -0.443182, -0.115072, -0.889015, 0.795814, 0.405999, -0.449272], "cam_t_w2c": [73.5724882612, 28.50828060599997, 882.466162007], "depth_scale": 0.1},
  "1613": {"cam_K": [1066.778, 0.0, 312.9869, 0.0, 1067.487, 241.3109, 0.0, 0.0, 1.0], "cam_R_w2c": [0.396427, -0.913994, -0.0863718, -0.442601, -0.107845, -0.89021, 0.804332, 0.391132, -0.447287], "cam_t_w2c": [68.92229873039996, 33.42385993399999, 879.4026119790001], "depth_scale": 0.1},
  "1629": {"cam_K": [1066.778, 0.0, 312.9869, 0.0, 1067.487, 241.3109, 0.0, 0.0, 1.0], "cam_R_w2c": [0.387881, -0.918015, -0.0824405, -0.443588, -0.107523, -0.889757, 0.807947, 0.38169, -0.448927], "cam_t_w2c": [65.167061386, 33.71205723400001, 871.0199431039999], "depth_scale": 0.1},
  "1656": {"cam_K": [1066.778, 0.0, 312.9869, 0.0, 1067.487, 241.3109, 0.0, 0.0, 1.0], "cam_R_w2c": [0.378444, -0.922145, -0.0801775, -0.452234, -0.108624, -0.88526, 0.807629, 0.37128, -0.458133], "cam_t_w2c": [63.99982848750002, 24.003339913999998, 864.8272133160001], "depth_scale": 0.1},
  "1658": {"cam_K": [1066.778, 0.0, 312.9869, 0.0, 1067.487, 241.3109, 0.0, 0.0, 1.0], "cam_R_w2c": [0.377986, -0.922383, -0.0796048, -0.452841, -0.109203, -0.884878, 0.807503, 0.37052, -0.45897], "cam_t_w2c": [64.8953131242, 22.300616798000107, 863.944440787], "depth_scale": 0.1},
  "1669": {"cam_K": [1066.778, 0.0, 312.9869, 0.0, 1067.487, 241.3109, 0.0, 0.0, 1.0], "cam_R_w2c": [0.369607, -0.92572, -0.0802063, -0.455447, -0.10525, -0.884019, 0.809913, 0.363269, -0.460518], "cam_t_w2c": [60.59747239899997, 26.067225023000073, 856.9393797829999], "depth_scale": 0.1},
  "1678": {"cam_K": [1066.778, 0.0, 312.9869, 0.0, 1067.487, 241.3109, 0.0, 0.0, 1.0], "cam_R_w2c": [0.359953, -0.929314, -0.0825163, -0.459093, -0.0994346, -0.882806, 0.812199, 0.355651, -0.462433], "cam_t_w2c": [52.249548924900054, 30.512261863400003, 849.149244342], "depth_scale": 0.1},
  "1695": {"cam_K": [1066.778, 0.0, 312.9869, 0.0, 1067.487, 241.3109, 0.0, 0.0, 1.0], "cam_R_w2c": [0.356632, -0.931433, -0.0724307, -0.456773, -0.10621, -0.88322, 0.814968, 0.348069, -0.463331], "cam_t_w2c": [46.233914830000025, 27.052880577000003, 839.566847218], "depth_scale": 0.1},
  "1708": {"cam_K": [1066.778, 0.0, 312.9869, 0.0, 1067.487, 241.3109, 0.0, 0.0, 1.0], "cam_R_w2c": [0.356007, -0.931929, -0.0690466, -0.45673, -0.109062, -0.882895, 0.815265, 0.345852, -0.464467], "cam_t_w2c": [40.38290747460001, 26.918340122999986, 830.472287184], "depth_scale": 0.1},
  "1711": {"cam_K": [1066.778, 0.0, 312.9869, 0.0, 1067.487, 241.3109, 0.0, 0.0, 1.0], "cam_R_w2c": [0.353844, -0.933002, -0.0655864, -0.454443, -0.110212, -0.883932, 0.817482, 0.342579, -0.462994], "cam_t_w2c": [39.03988527239997, 27.373482315000032, 827.9145059370001], "depth_scale": 0.1},
  "1713": {"cam_K": [1066.778, 0.0, 312.9869, 0.0, 1067.487, 241.3109, 0.0, 0.0, 1.0], "cam_R_w2c": [0.353918, -0.932942, -0.0660439, -0.453706, -0.109509, -0.884397, 0.817859, 0.342969, -0.462039], "cam_t_w2c": [40.2996156942, 27.20430587299999, 826.7214837680001], "depth_scale": 0.1},
  "1714": {"cam_K": [1066.778, 0.0, 312.9869, 0.0, 1067.487, 241.3109, 0.0, 0.0, 1.0], "cam_R_w2c": [0.354475, -0.932798, -0.0650712, -0.454145, -0.110914, -0.883997, 0.817374, 0.342907, -0.462942], "cam_t_w2c": [40.86324818259996, 26.421621144999964, 826.2212390770001], "depth_scale": 0.1},
  "1718": {"cam_K": [1066.778, 0.0, 312.9869, 0.0, 1067.487, 241.3109, 0.0, 0.0, 1.0], "cam_R_w2c": [0.355245, -0.932613, -0.0635141, -0.455594, -0.113411, -0.882934, 0.816232, 0.342594, -0.465182], "cam_t_w2c": [44.16516848339998, 20.307868678999917, 823.653446326], "depth_scale": 0.1},
  "1719": {"cam_K": [1066.778, 0.0, 312.9869, 0.0, 1067.487, 241.3109, 0.0, 0.0, 1.0], "cam_R_w2c": [0.355165, -0.93279, -0.0613228, -0.455379, -0.115352, -0.882793, 0.816387, 0.341463, -0.465742], "cam_t_w2c": [44.110568243800024, 19.601683519000048, 822.529943401], "depth_scale": 0.1},
  "1733": {"cam_K": [1066.778, 0.0, 312.9869, 0.0, 1067.487, 241.3109, 0.0, 0.0, 1.0], "cam_R_w2c": [0.350296, -0.934444, -0.0640929, -0.450407, -0.108056, -0.88626, 0.821235, 0.339321, -0.458731], "cam_t_w2c": [43.042031743199985, 31.838879075000047, 815.4477388710001], "depth_scale": 0.1},
  "1743": {"cam_K": [1066.778, 0.0, 312.9869, 0.0, 1067.487, 241.3109, 0.0, 0.0, 1.0], "cam_R_w2c": [0.356765, -0.932022, -0.0636666, -0.442635, -0.108632, -0.890097, 0.822674, 0.345737, -0.451302], "cam_t_w2c": [51.1554229732, 31.49804288399999, 817.5432362590001], "depth_scale": 0.1},
  "1745": {"cam_K": [1066.778, 0.0, 312.9869, 0.0, 1067.487, 241.3109, 0.0, 0.0, 1.0], "cam_R_w2c": [0.359433, -0.931146, -0.0614382, -0.440152, -0.111113, -0.891022, 0.822845, 0.347305, -0.449784], "cam_t_w2c": [54.02626660800001, 30.461863112999975, 817.66800951], "depth_scale": 0.1},
  "1756": {"cam_K": [1066.778, 0.0, 312.9869, 0.0, 1067.487, 241.3109, 0.0, 0.0, 1.0], "cam_R_w2c": [0.350772, -0.934889, -0.0542381, -0.434831, -0.111306, -0.893607, 0.829386, 0.337037, -0.445562], "cam_t_w2c": [52.513695087900004, 28.621491256, 814.68982404], "depth_scale": 0.1},
  "1778": {"cam_K": [1066.778, 0.0, 312.9869, 0.0, 1067.487, 241.3109, 0.0, 0.0, 1.0], "cam_R_w2c": [0.349923, -0.935754, -0.0438011, -0.41912, -0.11457, -0.900673, 0.83779, 0.333524, -0.432284], "cam_t_w2c": [62.02693599109999, 26.09301013299997, 817.10846996], "depth_scale": 0.1},
  "1782": {"cam_K": [1066.778, 0.0, 312.9869, 0.0, 1067.487, 241.3109, 0.0, 0.0, 1.0], "cam_R_w2c": [0.34483, -0.937934, -0.0370358, -0.416416, -0.117496, -0.90155, 0.841243, 0.326304, -0.431087], "cam_t_w2c": [59.12431830060001, 24.06375800999999, 814.134186317], "depth_scale": 0.1},
  "1874": {"cam_K": [1066.778, 0.0, 312.9869, 0.0, 1067.487, 241.3109, 0.0, 0.0, 1.0], "cam_R_w2c": [0.27081, -0.961998, -0.0349617, -0.399139, -0.0791629, -0.913467, 0.875985, 0.26133, -0.405409], "cam_t_w2c": [47.959462389299986, 41.309330256099955, 793.661924411], "depth_scale": 0.1}
}